0,#10 Mine Trail,33.43741,-86.88516,867.0,84.0,2.0,0,0,56,1
1,#14 Connector Trail,33.45814,-86.85563,1275.0,36.0,71.0,0,1,32,2
2,17th Ohio Battery Trail,30.73432,-87.91012,2789.0,38.0,34.0,0,4,0,2
3,2-Star Betty,33.69728,-85.79924,3806.0,31.0,43.0,0,5,22,1
4,265 Loop,30.77967,-88.09737,3887.0,71.0,68.0,0,5,47,2
5,4-Ball Trail,34.80733,-87.69741,1998.0,67.0,31.0,0,6,29,2
6,Abby Road,34.66642,-86.65241,4111.0,129.0,30.0,0,4,46,2
7,Access Trail,32.56475,-85.45842,939.0,75.0,53.0,0,1,48,1
8,Access Trail,33.24953,-87.06896,1113.0,43.0,1.0,0,2,49,1
9,Access Trail,31.2111,-85.45669,307.0,28.0,2.0,0,0,22,1
10,Access Trail,33.63057,-86.60216,3224.0,68.0,17.0,0,6,56,1
11,Access Trail Short,30.7791,-88.10915,3887.0,21.0,36.0,0,0,13,0
12,ACOM Trail,31.20612,-85.3427,9504.0,138.0,122.0,0,12,10,1
13,Alms House Trail,34.74342,-86.54396,8976.0,56.0,307.0,0,16,18,3
14,Altamont Park Trail,33.51012,-86.76525,1194.0,28.0,21.0,0,0,32,1
15,Alum Hollow,34.58988,-86.50973,6336.0,63.0,190.0,0,14,44,2
16,Antique Creek,33.26971,-87.53216,1867.0,38.0,23.0,0,3,57,3
17,Apache,34.68258,-86.63836,3763.0,44.0,28.0,0,7,16,1
18,Apache Trail,31.48464,-85.63666,7391.999999999999,61.0,68.0,0,10,32,2
19,Apollo,34.6609,-86.64169,4454.0,51.0,170.0,0,8,41,2
20,Armadillo Alley,32.54687,-85.48704,2421.0,43.0,41.0,0,3,9,2
21,Arrowhead Trail,34.72136,-86.53737,24816.0,472.0,867.0,1,12,21,3
22,Artemis,34.66752,-86.64335,4076.0,17.0,297.0,0,7,2,3
23,Baby Bear,33.60776,-85.91265,5808.000000000001,116.0,114.0,0,16,7,1
24,Backside Loop,32.63013,-86.24979,11616.000000000002,338.0,270.0,0,21,23,2
25,Baltzell to Yahoo,33.69057,-85.79094,12143.999999999998,224.0,410.0,0,27,1,2
26,Bankhead Trail (Aka RMAD),34.74425,-86.54467,8976.0,271.0,13.0,0,17,26,2
27,Bartram Trail,32.47874,-85.56392,22704.0,610.0,821.0,0,43,16,2
28,Base CAMP Trail,32.55339,-85.47527,1565.0,27.0,29.0,0,4,30,1
29,Bastard Loop,32.62955,-86.24613,2053.0,94.0,90.0,0,4,45,2
30,Beach Loop,30.78508,-88.10311,2789.0,38.0,40.0,0,1,57,1
31,Beaver Tail Flats,31.21858,-85.46586,4900.0,164.0,165.0,0,6,47,1
32,Belly Mine,33.21329,-87.46206,5154.0,115.0,108.0,0,7,27,2
33,Betwixt,34.71396,-86.43357,2100.0,7.0,16.0,0,3,39,1
34,Bevil Alternate,34.3723,-86.2125,4055.0,112.0,26.0,0,7,43,2
35,Big Bluff Trail,34.69835,-86.44506,10032.0,108.0,334.0,0,27,32,2
36,Big Levee - East,31.21183,-85.44368,10560.0,115.0,157.0,0,15,28,2
37,Big Levee - West,31.2156,-85.44657,3352.0,97.0,75.0,0,4,24,2
38,Big Levee Advanced Trail,31.21578,-85.44449,1621.0,6.0,8.0,0,3,58,3
39,Big Pimpin' #2,34.81455,-87.69334,8976.0,282.0,398.0,0,15,47,2
40,Bill And Marion Certain Trail,34.65698,-86.5167,9504.0,386.0,132.0,0,23,44,3
41,Bills Creek Loop 63B,33.19883,-86.18251,15312.0,325.0,329.0,0,19,11,2
42,Black Creek East Loop,33.62151,-86.79459,1073.0,2.0,2.0,0,1,35,1
43,Black Creek Loop #1,33.33171,-86.86268,7391.999999999999,114.0,107.0,0,9,34,1
44,Black Creek Park,33.62156,-86.79675,3153.0,9.0,8.0,0,18,12,1
45,Black Creek Rails to Trails,33.62178,-86.79892,29040.0,162.0,122.0,0,27,5,1
46,Black Forest,30.7795,-88.09374,10032.0,178.0,175.0,0,16,53,2
47,Black Hawk,34.69167,-86.64126,4714.0,286.0,35.0,0,27,18,3
48,Black Ridge Loop #3,33.33079,-86.86395,9504.0,265.0,272.0,0,13,8,2
49,Blackhawk Trail,31.47452,-85.63718,6864.0,245.0,152.0,0,6,41,2
50,Blake's Cabin Trail,34.69691,-86.43944,10560.0,254.0,181.0,0,23,22,2
51,Blowhard,33.64495,-85.85105,2379.0,155.0,8.0,0,8,26,1
52,Blue Gravity,33.60865,-85.91702,2933.0,48.0,231.0,0,2,39,2
53,Blue Trail,30.69775,-88.19499,5808.000000000001,205.0,191.0,0,8,26,2
54,Bluff Line Trail,34.74407,-86.54438,13200.0,556.0,202.0,0,22,53,4
55,Bluff Trail,30.77926,-88.09722,10032.0,154.0,165.0,0,16,6,2
56,BMRR North Trail,33.44165,-86.88687,10560.0,147.0,3.0,0,14,57,1
57,BMRR South Trail,33.45458,-86.85585,11088.0,188.0,304.0,0,9,21,1
58,Bog Trail,34.7334,-86.50886,1555.0,57.0,14.0,0,2,23,1
59,Bomb Dog,33.61979,-85.88632,25872.000000000004,375.0,1027.0,0,53,11,2
60,Bostick,34.81744,-86.6242,7391.999999999999,171.0,159.0,0,14,52,3
61,Bottoms Start,30.69774,-88.1961,3602.0,23.0,4.0,0,6,28,1
62,Boulder Ridge,33.33337,-86.72258,7391.999999999999,303.0,322.0,0,50,4,4
63,Breastworks,30.73717,-87.92423,1637.0,50.0,27.0,0,2,49,1
64,Brutality,33.26191,-87.52739,3114.0,54.0,59.0,0,6,53,3
65,Buddy Powell,33.25656,-87.52872,2795.0,11.0,45.0,0,4,39,2
66,Buddy Powell Loop,33.25882,-87.52908,2221.0,24.0,30.0,0,2,4,1
67,Buffalo Rock,34.3894,-86.21642,4980.0,113.0,191.0,0,11,41,3
68,Bull Frog,33.62278,-85.88276,1021.0,46.0,26.0,0,1,21,2
69,Bulldog Trail,34.77792,-86.55424,4485.0,55.0,95.0,0,10,25,2
70,Bullwinkle,33.6471,-85.8446,2523.0,52.0,31.0,0,5,37,1
71,Bunny,33.64294,-85.85376,1159.0,49.0,87.0,0,2,55,1
72,Butler Pass,34.39005,-86.21387,6336.0,407.0,214.0,0,17,12,2
73,Buzzard's Roost,34.75048,-86.54278,2110.0,84.0,5.0,0,7,10,2
74,Buzzards Falls,34.58961,-86.5222,1073.0,4.0,9.0,0,1,51,2
75,Buzzards Falls,34.5895,-86.52148,3343.0,34.0,19.0,0,6,11,2
76,C. C. Sykes,33.70545,-85.79855,6336.0,132.0,115.0,0,8,50,2
77,Cahaba Shoals Loop,33.17714,-87.01497,10560.0,289.0,289.0,0,21,0,2
78,CAMP's Trail,32.55413,-85.4774,4288.0,72.0,72.0,0,6,52,1
79,Campground Trail (Silver Trail),34.50078,-85.63428,6864.0,54.0,279.0,0,11,34,2
80,Cannon Ball Loop,33.24734,-87.06245,6864.0,175.0,247.0,0,7,33,2
81,Cannonball Run,30.73829,-87.90749,6864.0,158.0,64.0,0,13,1,2
82,Cannonball Run extension,30.73402,-87.89967,3543.0,27.0,27.0,0,7,7,2
83,Cascade,34.0416,-86.02816,5280.0,113.0,116.0,0,6,37,1
84,Cascade East,34.04319,-86.02386,2513.0,13.0,20.0,0,5,56,1
85,Cassidy,33.61975,-85.90093,6864.0,579.0,175.0,0,24,28,2
86,Cat Dog Snake,33.35238,-86.71842,5808.000000000001,180.0,182.0,0,8,29,2
87,Cave,34.37971,-86.21469,4078.0,37.0,233.0,0,8,55,2
88,Cave Alternative,34.38684,-86.21705,2654.0,210.0,13.0,0,9,57,2
89,CCC Quarry Trail,34.50158,-85.61909,8448.0,351.0,42.0,0,27,15,2
90,CCC trail,32.54988,-85.48275,12143.999999999998,285.0,306.0,0,18,54,1
91,Cemetery Loop,30.78304,-88.10411,3596.0,84.0,81.0,0,8,51,2
92,Cemetery Loop,33.2631,-87.52733,1411.0,10.0,3.0,0,1,48,1
93,Cemetery Loop Connector,30.78393,-88.10252,721.0,28.0,7.0,0,1,1,2
94,Cemetry Loop,30.78169,-88.10452,8448.0,108.0,122.0,0,18,35,2
95,Centipede,33.30918,-86.76196,4225.0,98.0,74.0,0,7,23,2
96,Chalet Alt,34.48999,-85.6085,2768.0,12.0,42.0,0,3,37,1
97,Chalet Trail,34.49232,-85.61647,3645.0,172.0,118.0,0,4,32,1
98,Chasco Trail,34.77435,-86.548,2405.0,26.0,27.0,0,3,42,1
99,Cheaha Express,33.47764,-85.80861,12143.999999999998,421.0,209.0,0,40,38,2
100,Cheaha Run,33.4897,-85.81074,1870.0,43.0,5.0,0,7,20,1
101,Chewacla DH,32.54892,-85.47671,890.0,6.0,164.0,0,4,15,4
102,Chilowhee,33.64109,-85.84894,25344.0,721.0,897.0,0,45,31,2
103,Chinook,34.68595,-86.65543,5157.0,43.0,256.0,0,10,22,2
104,Claymore,34.6871,-86.64872,4961.0,12.0,246.0,0,10,1,3
105,Coaster Trail,30.78052,-88.09769,16368.0,12.0,12.0,0,4,22,2
106,Cobra,34.68771,-86.65149,3005.0,7.0,30.0,0,5,38,2
107,COGS Loop 63C,33.19914,-86.18326,10560.0,240.0,243.0,0,18,35,2
108,Col Rinaker Trail,30.73692,-87.9114,1368.0,31.0,10.0,0,2,31,2
109,Cold Springs Connector,34.74626,-86.52392,223.0,11.0,12.0,0,1,10,2
110,Cold Springs Trail,34.74743,-86.51758,5067.0,105.0,237.0,0,5,53,4
111,Cold Springs Trail,34.74775,-86.53228,1112.0,20.0,67.0,0,2,32,4
112,Colonel Black Trail,30.7464,-87.90874,869.0,3.0,16.0,0,0,43,2
113,Comanche,34.69777,-86.65374,4026.0,17.0,52.0,0,5,51,1
114,Confederate Line Trail,30.73943,-87.91922,4050.0,17.0,30.0,0,4,52,1
115,Connector,33.25426,-87.06268,1539.0,135.0,58.0,0,2,44,2
116,Connector,33.21529,-87.44483,5197.0,138.0,148.0,0,8,34,2
117,Connector A,31.21626,-85.45613,3899.0,94.0,111.0,0,3,54,1
118,Connector B,31.21626,-85.45613,2919.0,161.0,134.0,0,3,7,1
119,Cowboy Bebop,31.33523,-85.73093,3930.0,78.0,28.0,0,6,31,1
120,Crazy Train,34.71313,-86.43846,1342.0,29.0,33.0,0,6,39,2
121,Creek,33.26233,-87.53057,2149.0,28.0,30.0,0,3,53,2
122,Creek Path,34.03726,-86.03572,3169.0,19.0,18.0,0,4,51,1
123,Creek Trail (North),32.4143,-86.22546,1750.0,14.0,5.0,0,2,9,1
124,Creek Trail (South),32.41032,-86.22673,4121.0,40.0,12.0,0,4,33,1
125,Creek View Trail,32.54798,-85.48166,6864.0,107.0,70.0,0,13,11,2
126,Creekside,33.21312,-87.45922,3356.0,72.0,96.0,0,4,20,2
127,Creekside,33.63615,-86.869,2730.0,47.0,51.0,0,9,23,2
128,Creekview Loop #4,33.33312,-86.86432,2992.0,24.0,46.0,0,4,17,2
129,Cut Off,34.50495,-85.63617,1473.0,2.0,52.0,0,2,4,1
130,Cutchemine,34.3723,-86.2125,12672.0,538.0,610.0,0,27,18,2
131,Dallas Branch,34.75206,-86.53986,1928.0,148.0,2.0,0,5,5,2
132,Dark Side (phase 1),34.49396,-85.6461,10560.0,137.0,141.0,0,22,6,1
133,Dead Armadillo,33.26094,-87.52958,614.0,2.0,5.0,0,0,44,3
134,Death by Concrete,33.26206,-87.5309,945.0,6.0,5.0,0,1,50,3
135,Deer Rub Trail,32.54887,-85.47665,3058.0,47.0,142.0,0,9,47,4
136,Deer Run,33.49396,-85.80396,5808.000000000001,150.0,66.0,0,14,30,2
137,Dell's Trail,32.55299,-85.47822,2060.0,11.0,11.0,0,4,58,3
138,Della Ray Loop,33.26934,-87.53393,4626.0,73.0,71.0,0,9,18,2
139,Devil's Driveway,32.62646,-86.24655,1848.0,12.0,62.0,0,3,38,2
140,Devil's Racetrack Lower,34.8078,-86.58983,3261.0,61.0,25.0,0,6,31,2
141,Devil's Racetrack Upper Loop,34.82092,-86.59736,2159.0,14.0,18.0,0,6,16,1
142,Dog Hill,34.04285,-86.03393,6336.0,135.0,220.0,0,17,24,2
143,Dragon Tail,34.70869,-86.42604,2011.0,71.0,4.0,0,4,53,2
144,Dragon's Tail,31.21028,-85.45677,8448.0,158.0,158.0,0,15,42,1
145,Dragon's Tail Advance Trail,31.21028,-85.45677,4970.0,75.0,61.0,0,7,55,3
146,Dragons Tail,34.50531,-85.63698,3661.0,39.0,135.0,0,6,40,2
147,Draw Dropper,32.55257,-85.46968,604.0,2.0,66.0,0,0,32,3
148,Drift Mine,34.04222,-86.02972,5808.000000000001,95.0,198.0,0,10,5,1
149,Driskell Trail,34.77422,-86.54983,4409.0,39.0,33.0,0,4,41,1
150,DS TT,30.69402,-88.20058,8976.0,38.0,35.0,0,17,36,2
151,Duck River Full Loop,34.18531,-86.67608,96096.0,2275.0,2275.0,2,3,2,2
152,East Plateau Trail,34.59021,-86.51388,2936.0,31.0,73.0,0,5,31,1
153,Eastman Flow,33.64497,-85.8478,2726.0,4.0,179.0,0,3,24,1
154,Eureka Mines Trail,33.44519,-86.86227,3424.0,227.0,61.0,0,6,53,1
155,EZ Roller,34.70571,-86.42809,1877.0,11.0,26.0,0,2,32,2
156,Falls View Trail,32.55066,-85.48114,5808.000000000001,56.0,80.0,0,9,12,2
157,Family Bike Trail,34.743,-86.50828,13200.0,206.0,209.0,0,13,44,1
158,Family Loop,34.04218,-86.02956,2339.0,42.0,55.0,0,4,41,1
159,Family Trail,33.26296,-87.53145,2349.0,8.0,9.0,0,2,31,1
160,Family Trail,34.50494,-85.63617,10032.0,112.0,178.0,0,13,16,1
161,Family Trail,33.32136,-86.76492,2966.0,29.0,18.0,0,4,41,1
162,Fanning Trail,34.67351,-86.53069,11088.0,748.0,330.0,0,28,25,3
163,Fire Pits,33.3119,-86.75561,4208.0,166.0,130.0,0,8,31,2
164,Firetower Trail,34.73214,-86.50398,8448.0,144.0,120.0,0,9,46,1
165,Five Bridges,33.26259,-87.53035,2851.0,31.0,31.0,0,10,34,3
166,Five Oaks Loop Trail,33.29949,-87.69048,14256.000000000002,367.0,386.0,0,21,23,2
167,Flat Rock Connector,34.72725,-86.49667,2030.0,320.0,3.0,0,15,33,3
168,Flo-Rida,32.54637,-85.48681,2021.0,90.0,72.0,0,2,38,2
169,Flying Squirrel,33.19095,-87.00064,4294.0,165.0,22.0,0,7,7,2
170,For Pete's Sake,32.54847,-85.48621,14256.000000000002,345.0,337.0,0,24,33,1
171,Foreplay,33.31718,-86.76677,2392.0,18.0,70.0,0,3,33,2
172,Fossil Bench,34.81744,-86.6242,6336.0,18.0,39.0,0,8,54,2
173,Fox Trail,32.55623,-85.47011,4160.0,95.0,24.0,0,6,24,2
174,Foxtrot,34.69777,-86.65374,3123.0,60.0,22.0,0,4,12,1
175,Freedom Rider,33.69926,-85.79605,1919.0,29.0,37.0,0,2,44,2
176,Front Trail,30.69487,-88.19606,3818.0,56.0,55.0,0,4,56,2
177,Furnace Quarry Trail,33.24721,-87.0671,7391.999999999999,215.0,203.0,0,23,10,3
178,G-Force,34.04155,-86.03982,2507.0,22.0,204.0,0,3,3,2
179,Garrett's Gulch,33.33949,-86.73202,6336.0,62.0,103.0,0,10,38,2
180,Gas Light Trail,34.74259,-86.54756,1089.0,2.0,11.0,0,2,25,3
181,Gazza,33.61979,-85.88632,10032.0,178.0,580.0,0,27,49,3
182,General Cockrells Loop,30.75022,-87.90675,5808.000000000001,14.0,11.0,0,6,37,1
183,General Cockrells Trail,30.74885,-87.90933,3893.0,82.0,127.0,0,6,56,2
184,General Garrad Trail,30.73874,-87.91953,2018.0,8.0,4.0,0,2,37,1
185,General Garrard Trail,30.73994,-87.91546,2065.0,18.0,11.0,0,2,52,1
186,General Liddells Trail,30.74145,-87.92386,1837.0,48.0,51.0,0,4,16,1
187,General Mundy,32.60015,-85.50624,4922.0,89.0,89.0,0,12,40,2
188,Gilliam Loop,34.48985,-85.60855,17424.0,824.0,838.0,0,24,30,1
189,Goat Trail,34.727,-86.50218,12143.999999999998,115.0,321.0,0,28,57,3
190,Goldilocks,33.62281,-85.88274,6864.0,115.0,530.0,0,7,29,2
191,Golf Course Loop,34.39555,-86.20354,19536.0,313.0,336.0,0,31,56,1
192,Grant's Way,34.70769,-86.42977,3868.0,3.0,39.0,0,6,55,2
193,Grasslands,30.69457,-88.19664,5808.000000000001,262.0,244.0,0,5,53,1
194,Green Gravity,33.60871,-85.9167,4330.0,66.0,319.0,0,8,58,1
195,Green Street,30.74761,-87.91616,3332.0,52.0,64.0,0,5,37,1
196,Greene Trail,34.81051,-87.69813,1854.0,5.0,95.0,0,5,9,2
197,Groundhogs Day,32.54576,-85.48969,7391.999999999999,103.0,100.0,0,10,12,2
198,Grubb Run,31.33684,-85.72022,12672.0,156.0,203.0,0,24,19,2
199,Half Pipe Bypass,30.77485,-88.0942,16368.0,7.0,3.0,0,53,12,1
200,Hallets Trail,30.73904,-87.91975,5808.000000000001,77.0,63.0,0,6,26,1
201,HAMR Beginner's Loop,34.74374,-86.50802,971.0,3.0,3.0,0,3,27,1
202,Hare,33.63284,-85.86319,9504.0,258.0,800.0,0,10,31,1
203,Harper Tent Trail,30.74172,-87.91345,1988.0,11.0,15.0,0,1,58,1
204,Harris,34.8157,-86.60613,5808.000000000001,196.0,114.0,0,14,48,4
205,Hellfire,34.68249,-86.65093,3503.0,3.0,295.0,0,10,15,3
206,Hemp Trail,30.7807,-88.09775,3548.0,32.0,53.0,0,7,34,1
207,Henry Farm,33.78457,-85.76903,17952.0,182.0,185.0,0,58,56,2
208,Henry Farm,33.78401,-85.76537,5808.000000000001,135.0,126.0,0,16,10,2
209,High Gravity,32.54979,-85.47635,5280.0,87.0,119.0,0,10,10,2
210,High Trail,34.74678,-86.53937,7391.999999999999,150.0,125.0,0,18,0,2
211,Highlands Trail,33.70027,-86.70476,2023.0,61.0,188.0,0,2,28,1
212,Holy Highway,33.26238,-87.52743,2917.0,30.0,50.0,0,2,35,2
213,Honeycomb Trail,34.42871,-86.39179,43824.00000000001,858.0,841.0,1,33,34,2
214,Hyde (Upper Jekyll),33.31707,-86.75285,4770.0,212.0,50.0,0,13,24,3
215,Ike Matson Trail,33.44001,-86.88154,13200.0,561.0,498.0,0,32,10,3
216,Illegal Side Loop,33.51544,-86.75498,8448.0,151.0,209.0,0,17,34,2
217,IMBA Trail,33.25558,-87.05835,6336.0,262.0,136.0,0,10,51,2
218,Indian Falls Trail,34.4937,-85.61776,3159.0,81.0,91.0,0,6,52,1
219,Indian Loop,30.78032,-88.10783,16368.0,49.0,48.0,0,22,48,2
220,Indian Loop Connector,30.78164,-88.10622,723.0,10.0,1.0,0,0,47,2
221,Indian Tree,34.70921,-86.42852,6864.0,62.0,60.0,0,13,21,2
222,Iron Runner Loop,33.24977,-87.05234,16896.0,465.0,465.0,0,18,5,2
223,Iron Works Loop,33.2556,-87.05807,17424.0,550.0,650.0,0,23,2,1
224,Ironlegs Loop,33.71741,-85.69993,28512.000000000004,672.0,622.0,1,16,27,2
225,Ishkooda Connector,33.46416,-86.84577,1855.0,14.0,108.0,0,1,33,1
226,Ishkooda Trail,33.45416,-86.86112,6336.0,201.0,176.0,0,10,22,2
227,Jackson Spring Trail Loop,30.74259,-87.92248,2740.0,79.0,84.0,0,5,11,2
228,Jaque Pate Trail,30.74479,-87.9223,840.0,13.0,9.0,0,4,35,2
229,JCC Jumpline,33.51544,-86.75498,2713.0,6.0,170.0,0,6,51,2
230,Jeep Hill,34.04218,-86.02956,4872.0,76.0,88.0,0,7,23,1
231,Jeff's Junction,34.70914,-86.43377,1358.0,20.0,29.0,0,2,1,2
232,Jekyll,33.31707,-86.75285,15840.0,180.0,302.0,0,25,14,3
233,Jen Zen,34.71427,-86.43705,4577.0,8.0,79.0,0,6,41,2
234,Jimmy Sims Trail,34.81658,-87.30362,6336.0,42.0,40.0,0,9,18,1
235,John Hunt Park Mountain Bike Course,34.68285,-86.58905,22704.0,239.0,236.0,0,42,5,2
236,Johnsons Mountain,33.31382,-86.76962,9504.0,257.0,240.0,0,17,17,2
237,Jones Branch Loop,34.9074,-87.62066,12672.0,198.0,191.0,0,27,46,2
238,Jones Valley Trail,34.67354,-86.53024,3737.0,170.0,164.0,0,9,56,2
239,Kick Six,32.5541,-85.47576,7391.999999999999,128.0,167.0,0,12,15,2
240,Kieth's Trail,34.75051,-86.50317,6336.0,52.0,145.0,0,11,48,3
241,King's Chapel,34.38466,-86.20632,3781.0,274.0,211.0,0,7,58,2
242,Kiowa,34.67854,-86.63993,1603.0,27.0,30.0,0,2,30,1
243,Knotty Pine Trail,34.50562,-85.63979,5808.000000000001,83.0,64.0,0,13,3,2
244,L&N Trail,33.447874,-86.86078,1449.0,29.0,22.0,0,2,2,1
245,Lagoon,33.26409,-87.53221,5167.0,25.0,26.0,0,8,3,1
246,Lagoon XC,32.4011,-86.22605,6336.0,88.0,96.0,0,6,46,1
247,Lagoon XC Bypass,32.41391,-86.22704,783.0,23.0,13.0,0,0,54,1
248,Lake Crossing,30.25397,-87.65482,3917.0,3.0,3.0,0,4,27,0
249,Lake Trail,33.32274,-86.76354,11088.0,178.0,177.0,0,16,9,1
250,Lakeshore Drive,32.62836,-86.24946,4794.0,186.0,90.0,0,9,59,2
251,Lakeside Connector,32.55066,-85.48114,1952.0,7.0,14.0,0,2,41,1
252,Lakeside Trail,33.29689,-87.67746,9504.0,413.0,412.0,0,14,31,1
253,Lawson Branch Loop,34.91375,-87.61669,8448.0,176.0,176.0,0,23,24,2
254,LBC Bypass,33.26233,-87.53057,807.0,7.0,7.0,0,1,2,1
255,Leftwich,34.04265,-86.0278,1972.0,68.0,39.0,0,3,42,1
256,Lightning,33.34158,-86.72382,3858.0,52.0,251.0,0,8,25,3
257,Lightning Loop Trail,33.31223,-87.67909,2139.0,64.0,83.0,0,4,7,2
258,Little Zipper,32.63065,-86.25075,860.0,2.0,63.0,0,1,40,2
259,Logan Point Trail,34.75191,-86.51046,6864.0,201.0,110.0,0,13,45,2
260,Lollipop,34.81127,-87.69701,3609.0,65.0,134.0,0,7,27,1
261,Loop 1,34.1956,-86.8616,2339.0,72.0,63.0,0,9,40,2
262,Loop 2,34.19568,-86.86384,3310.0,56.0,119.0,0,4,58,2
263,Loop 3,34.19267,-86.86474,4298.0,91.0,96.0,0,9,20,2
264,Lost Lake Loop,33.19652,-86.99401,4485.0,74.0,57.0,0,11,15,1
265,Low Peak Trail,34.80525,-86.60112,1850.0,27.0,13.0,0,4,55,2
266,Lower Psycho,33.26721,-87.53327,2254.0,26.0,10.0,0,2,35,2
267,Lower Spring,33.49147,-85.80788,3176.0,135.0,178.0,0,7,38,2
268,Lower Tucker,34.71424,-86.43343,2690.0,46.0,67.0,0,6,22,2
269,Lowry Trail,34.65619,-86.51759,1322.0,147.0,21.0,0,4,10,3
270,LP Flow Trail,32.41675,-86.22801,1906.0,2.0,12.0,0,3,36,1
271,Luther's Pass,34.81235,-87.32806,14783.999999999998,205.0,201.0,0,22,29,1
272,Madkin Loop East,34.66075,-86.63618,7391.999999999999,122.0,77.0,0,13,39,2
273,Madkin Loop West,34.66075,-86.63618,8976.0,115.0,71.0,0,14,47,1
274,Main Line,32.62441,-86.24069,2635.0,14.0,13.0,0,3,41,1
275,Main Trunk #63,33.19927,-86.19363,22176.0,507.0,371.0,0,38,44,2
276,Mainline,31.33432,-85.71593,6336.0,190.0,221.0,0,11,7,2
277,Mama Bear,33.6088,-85.90997,7920.0,349.0,347.0,0,13,7,1
278,Mama's Milkshake,32.55073,-85.48922,1739.0,89.0,89.0,0,2,13,3
279,Mars,33.26524,-87.53573,6864.0,60.0,53.0,0,10,9,2
280,Marschall Trail,30.74723,-87.91776,1371.0,6.0,8.0,0,1,25,2
281,McDuffie Fitness Trail,33.51138,-86.75562,22176.0,239.0,240.0,0,39,3,2
282,McKay Hollow,34.74147,-86.51801,12143.999999999998,591.0,580.0,1,26,0,4
283,Mercury,34.65897,-86.63429,1047.0,130.0,4.0,0,4,1,2
284,Middle Mountain Loop,33.63534,-86.86911,4803.0,72.0,73.0,0,14,13,2
285,Mike Thompson  Loop,30.69705,-88.2027,11088.0,85.0,86.0,0,18,41,3
286,Misery Trail,30.78702,-88.09998,7920.0,145.0,117.0,0,18,24,2
287,Miss Baker,34.65903,-86.63446,3530.0,8.0,54.0,0,5,42,1
288,Moonshine,34.38501,-86.20597,3920.0,271.0,131.0,0,10,24,2
289,Moonshine Ridge,34.04228,-86.0327,2488.0,104.0,110.0,0,4,38,1
290,Moonshine Trail,34.77111,-86.55138,2031.0,14.0,48.0,0,4,44,2
291,Motohanger #5,34.81112,-87.69718,2746.0,37.0,197.0,0,9,50,3
292,Mountain Man,34.70982,-86.46678,4094.0,6.0,343.0,0,9,50,3
293,Mountain Mist,34.7257,-86.50212,15312.0,92.0,206.0,0,22,16,3
294,Mr Toads Snake to Fore Play,33.31943,-86.76516,1767.0,40.0,33.0,0,3,6,2
295,Narnia,34.70917,-86.63751,5808.000000000001,32.0,43.0,0,9,22,1
296,Narrow Ridge Side Trail,33.70153,-86.69203,2267.0,98.0,87.0,0,6,59,2
297,Narrows Ridge,33.702,-86.69256,13200.0,718.0,713.0,0,47,53,2
298,Native Azalea Trail,30.7481,-87.91196,2264.0,27.0,34.0,0,3,25,2
299,Natural Well Trail,34.72136,-86.53737,13200.0,226.0,655.0,0,48,46,4
300,Never Never Land Cut Off,34.49467,-85.63658,1552.0,27.0,52.0,0,2,31,1
301,Never Never Land Loop,34.50056,-85.63505,14256.000000000002,374.0,374.0,0,22,27,2
302,New Trail,34.39043,-86.21515,4774.0,147.0,128.0,0,12,19,2
303,NICA,34.80766,-86.59893,7391.999999999999,139.0,76.0,0,12,38,2
304,NORBA Heart Break Hill,32.55102,-85.47214,2281.0,48.0,133.0,0,4,34,3
305,North Lakes Connector Trail,33.35728,-86.70474,13200.0,289.0,274.0,0,17,44,1
306,North Loop,33.21398,-87.45705,5280.0,80.0,75.0,0,8,3,2
307,North Plateau Loop,34.74781,-86.51679,9504.0,86.0,83.0,0,10,20,2
308,Northern Pines,33.18609,-87.02736,6864.0,304.0,215.0,0,13,35,2
309,Nottingham,34.71064,-86.63783,2539.0,22.0,31.0,0,4,14,1
310,Oak Park,34.74782,-86.5501,5132.0,439.0,39.0,0,14,11,2
311,Old Apalachee Trail,30.73288,-87.91344,2814.0,33.0,53.0,0,6,50,1
312,Old River Trail / John Fowler Trail,30.74208,-87.92471,3225.0,29.0,22.0,0,7,30,1
313,Old Skool,32.54806,-85.48824,3537.0,48.0,48.0,0,5,55,2
314,Outlaws Revenge II,34.7161,-86.43443,2470.0,13.0,20.0,0,4,58,2
315,Outside Loop,31.27448,-85.47083,4308.0,123.0,74.0,0,3,36,1
316,Oval Office,33.64114,-85.84911,13200.0,432.0,430.0,0,20,48,2
317,Page Farm,34.81658,-87.30362,16368.0,271.0,185.0,0,24,10,1
318,Pancake Hollow,34.7132,-86.47811,5808.000000000001,6.0,500.0,0,24,19,2
319,Papa Bear,33.61338,-85.90654,8448.0,281.0,194.0,0,15,10,2
320,Parking Connector #6,33.33171,-86.86268,1473.0,36.0,53.0,0,2,50,2
321,Pathkiller,34.03799,-86.03511,2267.0,166.0,105.0,0,5,49,1
322,Patriot,34.69615,-86.65274,14783.999999999998,193.0,188.0,0,16,23,2
323,Peaceful Easy Feeling,33.19651,-86.99385,4800.0,74.0,49.0,0,9,12,1
324,Peak Attack,33.63562,-86.87205,1759.0,3.0,11.0,0,4,41,2
325,Pig Iron Loop,33.24742,-87.06643,16896.0,524.0,524.0,0,18,37,2
326,Pine Torch Trail #222,34.35342,-87.30121,46992.0,1619.0,1622.0,1,28,2,1
327,Piney Loop,34.80933,-86.59041,2917.0,14.0,42.0,0,5,14,1
328,Piney Woods Access,32.41789,-86.22408,2088.0,2.0,4.0,0,1,34,2
329,Piney Woods Loop,32.41399,-86.21953,1846.0,4.0,7.0,0,1,41,2
330,Pleasant Hill Trail,32.47875,-85.61836,20592.0,432.0,460.0,0,32,8,2
331,Power Trip,33.64109,-85.84894,2508.0,106.0,126.0,0,5,54,1
332,Powerline Loop,34.81458,-87.69291,2375.0,75.0,77.0,0,5,42,2
333,Powerline North,34.70943,-86.6444,1371.0,39.0,3.0,0,1,42,2
334,Powerline South,34.7096,-86.65279,2418.0,8.0,40.0,0,2,45,2
335,Project X,32.54518,-85.48799,1424.0,33.0,61.0,0,4,47,3
336,Quarry Road Trail,33.30982,-86.76792,5207.0,361.0,13.0,0,14,8,2
337,Quartz Course,32.62759,-86.25439,10560.0,224.0,249.0,0,16,56,2
338,Radio Gaga,33.64109,-85.84894,1818.0,6.0,14.0,0,3,38,1
339,Railroad Bed Trail,34.74342,-86.54179,8976.0,116.0,319.0,0,17,27,3
340,Ranger,34.59103,-86.52023,4042.0,292.0,190.0,0,39,40,3
341,Ranger Loop,34.80534,-87.69702,3463.0,162.0,106.0,0,8,4,2
342,Rattlesnake Ridge,33.32792,-86.76101,12143.999999999998,108.0,127.0,0,20,57,2
343,Reaper,34.68489,-86.64985,2689.0,13.0,10.0,0,5,25,2
344,Red Horse (North) #523,33.79106,-85.58313,11088.0,216.0,327.0,0,20,21,2
345,Red Horse (South) #523,33.78837,-85.60338,5808.000000000001,244.0,99.0,0,23,35,2
346,Red Rock,30.69397,-88.20031,11088.0,292.0,273.0,0,9,34,2
347,Redbull,31.33361,-85.72711,6336.0,75.0,40.0,0,13,39,2
348,Redding Trail,33.44846,-86.87169,6336.0,114.0,222.0,0,4,28,1
349,Redstone Arsenal Greenway,34.65061,-86.65453,36960.0,201.0,157.0,0,33,1,1
350,Reflection,33.18737,-87.01904,7391.999999999999,191.0,262.0,0,13,39,2
351,Retreat,33.69958,-85.79625,6336.0,221.0,397.0,0,6,5,1
352,Reveille,33.70808,-85.79678,5209.0,343.0,179.0,0,8,26,1
353,Ridge Creek Connector #5,33.3305,-86.86795,1460.0,32.0,29.0,0,3,49,2
354,Ridge Loop 63A,33.19529,-86.1922,5190.0,122.0,123.0,0,7,13,2
355,Ridge Trail,33.3099,-87.67142,17424.0,457.0,446.0,0,28,48,1
356,Rock Bottom,32.55377,-85.46857,16368.0,182.0,202.0,0,31,29,2
357,Rock Garden Trail,34.70849,-86.42756,8448.0,107.0,350.0,0,15,29,3
358,Rock Slot,33.6228,-85.88574,3392.0,237.0,58.0,0,11,28,2
359,Rock Wall,34.81456,-86.59488,3917.0,102.0,6.0,0,9,59,2
360,Rock-n-Roll,34.70608,-86.43145,2572.0,7.0,169.0,0,5,1,4
361,Rocky,33.64495,-85.85105,2480.0,53.0,46.0,0,4,23,1
362,Rocky Nightmare,34.73032,-86.50762,3999.0,18.0,54.0,0,9,22,3
363,Roller Coaster,32.41583,-86.22697,909.0,6.0,6.0,0,0,51,2
364,Rollercoaster #3,34.81136,-87.69575,1654.0,80.0,81.0,0,2,47,3
365,Rooster Ridge,34.03723,-86.03711,4761.0,208.0,243.0,0,10,4,1
366,Rust Bucket,33.19731,-87.00858,10032.0,211.0,363.0,0,14,11,2
367,S.A.M.'s Creekside Trail,31.21356,-85.44105,4511.0,22.0,25.0,0,5,11,1
368,Sammy Hardin Loop,34.82212,-87.31565,4081.0,12.0,18.0,0,5,1,1
369,Saturn,34.67067,-86.64879,6336.0,35.0,41.0,0,10,54,2
370,School's Out,31.33979,-85.71566,3614.0,22.0,79.0,0,3,52,2
371,Seven Bridges,33.32887,-86.75133,7920.0,101.0,110.0,0,14,18,2
372,Shakedown Street,32.62771,-86.24554,7920.0,137.0,137.0,0,8,14,1
373,Shay's Run,30.73289,-87.91406,7391.999999999999,186.0,233.0,0,15,28,2
374,Shell Toomer Parkway,32.55467,-85.48144,7920.0,84.0,66.0,0,11,23,1
375,Sherwood Forest,34.71064,-86.63783,2772.0,18.0,38.0,0,4,17,2
376,Shoal 'Nuff,33.18128,-87.01703,3271.0,85.0,97.0,0,4,40,2
377,Shovelton,34.8157,-86.60613,3409.0,54.0,3.0,0,9,16,2
378,Sidewinder,34.70689,-86.42026,1732.0,16.0,39.0,0,3,6,1
379,Siege Line Trail,30.7467,-87.90722,2260.0,41.0,40.0,0,5,31,2
380,Sinks,34.74404,-86.50828,7920.0,340.0,388.0,0,16,26,3
381,Sister,33.26905,-87.53418,1375.0,31.0,36.0,0,1,56,2
382,Skirmish Line Trail,30.74313,-87.91234,1086.0,3.0,42.0,0,1,56,2
383,Slingshot,33.33949,-86.73202,15312.0,396.0,445.0,0,30,19,2
384,Smokerise Trail,34.65042,-86.53097,7391.999999999999,412.0,134.0,0,27,28,3
385,Smythe Trail,33.45028,-86.86969,2436.0,44.0,154.0,0,4,10,2
386,Sokal Main Trail,33.26601,-87.53466,8976.0,126.0,168.0,0,18,59,2
387,Songo Trail,33.4429,-86.8781,959.0,36.0,24.0,0,2,38,1
388,South Loop,33.21428,-87.45676,5808.000000000001,76.0,77.0,0,8,53,2
389,South Plateau Loop,34.743,-86.50828,17424.0,177.0,177.0,0,18,53,2
390,South Trail,30.78151,-88.09736,16368.0,21.0,18.0,0,2,38,3
391,Sportsman Lake Trail,34.19221,-86.85958,5808.000000000001,18.0,20.0,0,11,19,1
392,Spring Gap Trail,33.4499,-86.87021,3297.0,58.0,143.0,0,2,51,2
393,Squirrels Nest Trail,30.73717,-87.92423,2388.0,48.0,46.0,0,6,24,2
394,Stagecoach Plateau - East,31.21612,-85.45651,3739.0,114.0,120.0,0,6,46,1
395,Stagecoach Plateau - West,31.21182,-85.4568,2594.0,68.0,91.0,0,2,31,1
396,Stebbin's Trail,30.73154,-87.90789,1549.0,3.0,40.0,0,1,28,1
397,Stinger,34.68734,-86.65049,3261.0,13.0,21.0,0,4,42,1
398,Stone Cuts Trail,34.74541,-86.503,4098.0,208.0,142.0,0,11,43,3
399,Stonefly Trail,34.59376,-86.52063,2142.0,24.0,71.0,0,5,13,2
400,Storm Loop Trail,33.31119,-87.68231,6864.0,193.0,200.0,0,12,32,2
401,Storyteller,33.3366,-86.72033,3058.0,8.0,464.0,0,27,19,4
402,Straight UP! #1,34.80637,-87.69917,4078.0,124.0,4.0,0,7,30,2
403,Sublett Circle,34.70691,-86.42511,1611.0,25.0,33.0,0,3,53,2
404,Sugar Tree Trail,34.64662,-86.5311,7920.0,629.0,82.0,0,33,15,3
405,Sunset Hill,33.69999,-85.79874,4508.0,81.0,68.0,0,7,35,1
406,Sweet Shrub Trail,32.55672,-85.4705,2008.0,18.0,3.0,0,2,39,2
407,Switchback Ridge,31.327725,-85.720838,1165.0,41.0,72.0,0,4,39,2
408,T T T,30.69418,-88.20197,8448.0,31.0,40.0,0,10,28,1
409,Talladega,33.62416,-85.88607,7920.0,283.0,203.0,0,22,50,2
410,Tashka Trail,33.28651,-87.68478,41712.0,1271.0,1183.0,1,27,22,2
411,Taylor Mountain,34.38866,-86.19228,8448.0,145.0,404.0,0,11,42,3
412,TCI Connector,33.45385,-86.86454,3300.0,68.0,142.0,0,4,7,1
413,Terrell,34.38508,-86.2062,7920.0,279.0,208.0,0,14,7,3
414,Terry Trail,34.77285,-86.55032,5808.000000000001,227.0,46.0,0,7,3,2
415,The Bottoms Long,30.69672,-88.20038,3202.0,23.0,27.0,0,4,2,2
416,The Chimneys,33.3497,-86.72964,4216.0,165.0,56.0,0,9,23,2
417,The Cockpit Trail,34.7098,-86.64281,5808.000000000001,32.0,28.0,0,7,27,1
418,The Colonel,31.4789,-85.63656,4692.0,76.0,120.0,0,5,29,2
419,The Dam Trail,33.24489,-87.06273,8976.0,303.0,300.0,0,25,7,3
420,The Dummy Line Trail,34.74967,-86.53452,6864.0,3.0,299.0,0,10,20,3
421,The Pip,33.62572,-85.88391,6864.0,262.0,428.0,0,36,7,3
422,The Rock Gym,32.54946,-85.47872,736.0,46.0,46.0,0,3,46,3
423,The Zipper,32.63065,-86.25075,562.0,3.0,73.0,0,0,48,2
424,Thunder,33.32894,-86.73357,7920.0,33.0,388.0,0,17,16,3
425,Tiger Woods,32.55449,-85.46672,5808.000000000001,129.0,168.0,0,10,36,2
426,Tiger Woods Extension,32.55428,-85.46457,1066.0,6.0,38.0,0,2,17,3
427,To Yahou,33.69635,-85.80134,6336.0,144.0,113.0,0,9,59,2
428,To Yahou 2,33.69579,-85.79692,9504.0,286.0,247.0,0,21,11,2
429,TOLAcoaster,32.62896,-86.24674,14256.000000000002,313.0,352.0,0,13,32,2
430,Tollgate Trail,34.74059,-86.55392,9504.0,676.0,24.0,0,7,57,3
431,Tollgate Trail,34.74967,-86.53452,831.0,16.0,8.0,0,1,8,2
432,Tom Bevill,34.37971,-86.21469,17424.0,406.0,407.0,0,23,49,2
433,Tornado Loop Trail,33.30992,-87.682,10560.0,422.0,423.0,0,21,8,2
434,Tortoise,33.64382,-85.85574,14256.000000000002,924.0,380.0,0,25,9,1
435,Tri-County Marker Trail,33.24582,-87.0676,3184.0,87.0,123.0,0,4,38,2
436,Trillium,33.62923,-85.87403,3804.0,76.0,169.0,0,3,53,2
437,Troll,33.26836,-87.53181,3376.0,41.0,48.0,0,4,54,2
438,Troll Holly Connector,33.26338,-87.52963,1214.0,18.0,17.0,0,3,15,2
439,Troy State University Dothan Trails,31.27992,-85.46924,23232.000000000004,588.0,589.0,0,39,43,2
440,Trussville Sports Complex Loop,33.63713,-86.59742,21120.0,602.0,601.0,0,37,28,2
441,Turtleback Ridge,33.18965,-87.00137,3555.0,116.0,26.0,0,8,9,2
442,Two Mountain Trail,34.70339,-86.42105,7920.0,176.0,192.0,0,5,13,2
443,Up or Down?,32.62792,-86.24565,6864.0,228.0,229.0,0,17,34,2
444,Upper Creek,33.26059,-87.52894,1007.0,18.0,17.0,0,1,50,2
445,Upper Mama Bear,33.61429,-85.90493,3623.0,100.0,115.0,0,6,3,1
446,Upper Papa Bear,33.61975,-85.90093,3517.0,108.0,163.0,0,4,51,1
447,Upper Psycho,33.26426,-87.53236,2126.0,10.0,19.0,0,2,26,2
448,Upper Spring,33.488,-85.8109,6336.0,150.0,129.0,0,21,5,1
449,Upper Tucker,34.71406,-86.43358,2461.0,15.0,46.0,0,4,42,1
450,Varnedoe Trail,34.63607,-86.51188,8976.0,117.0,253.0,0,25,26,3
451,Vizzneyland,34.49474,-85.64297,4877.0,114.0,136.0,0,16,19,2
452,WAC,33.69999,-85.79874,5808.000000000001,71.0,79.0,0,5,45,1
453,Wade Mountain,34.82041,-86.59794,10560.0,492.0,261.0,0,38,38,3
454,Wagon Trail,34.72265,-86.54304,11616.000000000002,196.0,372.0,0,22,1,3
455,Waterfall Loop Trail,34.7146,-86.45965,1184.0,59.0,24.0,0,9,52,2
456,Watering Hole,32.62933,-86.26279,2995.0,59.0,23.0,0,7,29,1
457,Watts Trail,34.74073,-86.55401,2240.0,94.0,102.0,0,4,57,3
458,Weeden Loop East,34.67915,-86.6485,8448.0,112.0,84.0,0,14,36,1
459,Weeden Loop West,34.67707,-86.65465,10032.0,127.0,80.0,0,17,35,2
460,West Bluff Trail,34.649,-86.51675,11088.0,61.0,113.0,0,13,30,3
461,West Plateau Trail,34.59408,-86.51789,1716.0,32.0,44.0,0,3,10,1
462,West Ridge,33.32894,-86.73356,8976.0,49.0,153.0,0,27,39,3
463,Westgate Shared 1,31.23762,-85.44777,2329.0,9.0,9.0,0,3,21,1
464,Whitetail,33.18193,-87.02379,4085.0,158.0,83.0,0,10,18,1
465,Wigleyville,33.69688,-85.7977,2677.0,36.0,47.0,0,5,0,2
466,Wild Flower Trail,34.73796,-86.55305,2361.0,74.0,12.0,0,10,23,3
467,Wild Turkey,33.18753,-87.01834,7920.0,214.0,207.0,0,13,39,2
468,Wild Turkey Connect N,33.19104,-87.00971,689.0,29.0,34.0,0,1,32,2
469,Wild Turkey Connect S,33.19093,-87.01097,472.0,29.0,19.0,0,0,43,2
470,Wild West,33.63557,-86.87215,4715.0,87.0,95.0,0,7,11,3
471,William Arthur Wells CCC Memorial Trail (Chestnut Trail),34.74369,-86.50277,633.0,25.0,13.0,0,1,44,2
472,Wilmore Loop,32.56404,-85.46098,8448.0,419.0,419.0,0,12,47,2
473,Witches Brew,34.03844,-86.03964,3117.0,172.0,16.0,0,7,1,1
474,Without A Paddle,33.19482,-86.9983,2405.0,23.0,98.0,0,3,39,2
475,Yellman's Hollow,31.3305,-85.71791,1158.0,50.0,28.0,0,2,51,2
476,YorkTown,33.69991,-85.79704,2418.0,32.0,31.0,0,3,12,2
477,Young - Kennedy Trail,34.72265,-86.54304,7391.999999999999,78.0,218.0,0,19,14,3
478,Zion Cemetery Ridge - East,31.21671,-85.44755,4291.0,88.0,29.0,0,5,38,1
479,Zion Cemetery Ridge - West,31.21103,-85.4465,4938.0,43.0,94.0,0,6,10,1
